333.62
132.86
337.06
135.48
340.31
126.2
339.4
212.65
196.95
213.34
153.89
115.16
171.74
311.0
177.84
328.68
316.02
245.11
317.45
302.71
254.19
114.87
194.28
168.79
319.89
207.09
216.06
186.49
176.84
309.5
226.0
238.27
234.11
182.38
180.77
187.1
251.06
120.74
300.43
245.7
118.81
200.48
189.89
252.31
107.31
118.74
328.05
172.6
252.98
210.19
306.14
274.74
149.37
312.15
271.08
261.0
321.59
227.97
111.32
317.29
111.74
187.99
199.5
165.87
317.92
260.92
219.2
310.21
329.75
326.59
208.84
243.22
116.05
335.37
185.01
291.65
128.94
251.94
242.66
168.17
190.2
182.74
182.51
132.85
247.42
321.12
179.69
201.51
165.26
206.69
194.45
212.59
288.71
162.58
234.63
251.66
264.42
222.4
260.48
239.42
781.21
1135.36
821.88
1263.46
1001.26
661.42
1000.65
1108.47
783.57
993.93
738.89
818.08
1089.62
1132.44
1124.87
1065.4
788.04
732.41
940.65
752.02
1228.8
1174.74
847.56
1051.48
762.82
1198.92
734.21
778.0
647.65
773.96
1066.94
922.49
961.21
820.59
1003.11
720.9
838.19
1052.9
1065.32
869.6
756.89
848.52
1022.66
737.82
965.06
1048.2
1243.09
1170.73
831.44
1054.42
833.66
1150.76
970.91
1090.54
936.42
793.54
1074.85
905.22
748.13
729.31
994.19
601.48
1015.83
859.86
1077.55
1047.9
706.61
727.25
1226.66
447.15
684.55
879.16
825.45
861.38
925.95
1055.04
1150.79
762.1
652.24
758.82
1118.88
932.54
816.5
1242.13
982.93
776.93
787.88
833.91
756.79
1090.86
860.88
991.52
915.01
621.0
554.01
1026.05
943.9
608.38
625.87
870.07
1778.71
1522.08
1517.56
1212.85
1304.09
1791.03
1266.1
1098.77
1167.52
1558.55
1507.78
1418.44
1391.27
1302.18
1783.98
1615.08
1596.3
1328.27
1473.86
1505.52
1144.17
1393.37
1999.28
1741.52
1526.93
1227.24
1342.96
1626.94
1256.63
1745.76
808.71
1502.66
1261.29
1560.7
1103.96
1804.36
1168.37
1408.78
1532.46
1494.01
1337.96
1284.84
1026.21
1483.33
1717.58
1567.81
1605.13
1914.78
1539.34
1620.53
1379.48
1184.89
1629.6
1542.0
1724.64
1202.14
1278.24
1029.18
1439.08
1335.21
1503.98
1635.0
1735.14
1258.95
1647.38
1860.51
1583.36
1251.07
1441.7
1849.27
1593.12
1683.88
1430.35
1116.04
973.5
1166.43
1771.38
1300.46
1431.22
1089.8
1637.85
1177.98
1472.06
1779.97
1429.24
1620.98
1838.56
1200.24
1863.98
1196.58
1646.36
1509.04
1756.49
1884.53
1178.81
1318.38
1272.4
1965.7
1546.89
1774.0
1221.63
952.46
964.98
855.08
750.78
788.96
721.18
884.6
807.02
1316.92
916.91
781.95
915.54
884.53
712.81
862.61
980.6
668.31
720.01
768.53
1230.89
791.72
806.97
1046.2
1101.31
879.14
1113.11
1201.09
742.11
931.94
581.93
696.08
762.39
1430.46
812.19
792.43
723.0
657.24
937.5
1008.49
652.21
777.62
811.25
1211.6
901.76
881.21
1040.22
656.33
802.03
1044.92
1378.87
997.48
732.28
1041.37
675.54
725.76
830.84
872.08
643.54
688.84
754.37
702.4
1315.33
834.1
625.14
1202.5
1119.86
850.55
702.92
889.52
1017.66
681.66
880.49
772.96
857.98
1030.97
826.12
663.82
783.84
1167.18
767.9
963.47
947.99
645.34
1033.17
837.42
1425.26
687.82
796.22
1035.04
730.34
947.61
815.24
776.4
1310.91
1054.13
1040.56
851.01
1055.67
1223.58
1278.19
658.4
1098.74
1201.14
773.8
547.2
1126.24
918.39
594.09
1291.74
736.5
899.4
1020.99
918.35
931.75
667.25
1354.6
532.19
1295.83
468.89
992.32
543.7
817.39
939.39
808.0
852.5
1234.94
737.4
468.29
1350.1
506.69
780.5
1101.49
914.05
680.5
1482.94
788.69
840.8
902.69
848.8
1014.91
1154.39
640.55
524.7
651.49
1220.69
582.24
800.7
1339.59
679.15
486.84
466.46
475.54
528.18
750.52
676.37
832.77
847.05
435.93
447.32
881.02
907.28
646.45
609.28
1067.3
501.73
911.72
751.37
783.79
350.29
766.07
629.66
925.51
658.81
783.96
996.89
742.45
1032.26
961.27
432.9
658.19
738.42
394.28
409.98
932.1
752.62
1069.78
740.51
733.04
1089.93
407.76
572.11
496.34
855.47
508.51
372.09
729.41
612.07
957.06
876.86
718.65
721.2
682.87
396.53
717.78
387.94
991.19
639.48
713.47
627.29
654.28
706.16
664.31
402.16
352.21
812.91
787.35
1014.43
677.22
458.88
958.77
926.14
983.55
410.4
462.44
385.29
647.97
525.26
967.68
394.76
672.11
846.3
573.78
722.57
502.25
525.56
1091.95
417.29
930.4
637.47
575.06
678.09
590.12
389.16
439.9
396.05
940.59
976.69
446.82
970.87
1041.73
946.29
953.11
1308.25
853.71
545.76
881.61
841.68
1071.32
969.45
946.26
977.44
1086.54
784.98
1001.11
914.14
720.29
640.73
1061.94
1269.23
673.21
673.92
864.54
1390.28
1053.68
917.38
1151.7
876.49
1181.41
690.83
820.97
951.86
656.68
663.4
1011.65
1063.13
1268.44
1066.96
791.81
1233.17
1209.73
1102.08
1123.49
1246.2
954.56
1010.04
988.41
1212.09
787.64
881.67
1260.34
794.49
1430.19
951.5
623.11
985.86
849.02
651.02
756.89
1074.51
935.32
1119.04
807.47
1366.88
988.56
902.15
780.44
921.12
1074.43
730.8
1387.56
531.91
937.67
558.53
1069.1
921.25
1292.3
769.33
1379.87
740.55
802.08
778.6
917.79
1042.51
1052.1
773.64
1140.71
964.2
875.29
1172.92
570.15
1017.85
788.31
1101.96
1143.74
807.5
713.75
1201.47
1018.88
786.08
1500.88
1415.39
1741.63
1553.26
1542.45
1716.94
1647.78
1640.65
1406.83
1631.5
1611.92
1558.4
1555.99
1682.54
1731.56
1639.16
1638.26
1653.51
1550.02
1677.01
1623.26
1527.43
1369.55
1626.52
1624.52
1569.46
1406.68
1618.3
1438.22
1495.4
1693.28
1626.28
1567.82
1632.88
1439.97
1735.31
1421.56
1661.72
1845.12
1427.42
1472.96
1650.51
1598.98
1450.51
1504.64
1748.55
1579.14
1736.65
1801.84
1554.87
1447.09
1623.51
1379.94
1525.44
1685.28
1714.52
1574.75
1548.18
1445.67
1365.34
1573.55
1606.94
1606.66
1600.81
1631.12
1730.27
1596.64
1497.22
1750.55
1426.41
1742.51
1416.76
1552.28
1675.54
1765.73
1637.41
1460.28
1458.63
1664.01
1437.68
1678.14
1323.35
1686.6
1824.75
1490.61
1504.59
1678.56
1349.06
1420.33
1448.48
1445.2
1506.31
1781.36
1544.94
1708.62
1584.03
1693.66
1495.13
1380.95
1627.0
980.23
623.41
1051.85
2065.13
764.34
760.05
1223.49
1287.41
682.69
1369.16
1835.85
1007.26
1745.9
1780.61
1012.5
1905.42
1656.38
1297.86
2007.93
1545.43
806.55
1857.59
1683.08
1833.84
1456.61
1338.11
1316.37
951.41
1997.61
1365.79
2022.99
1003.35
1607.84
392.71
1193.13
1927.48
821.63
1952.2
1452.79
429.81
1742.94
1603.37
1265.28
670.29
851.9
1725.8
2115.76
773.18
1787.28
1190.56
1655.4
1039.41
1376.3
1780.0
1639.56
1190.35
1329.33
1303.41
694.94
2222.13
1326.08
1208.35
282.75
184.87
1179.18
572.03
1307.75
1925.97
991.9
1011.85
1489.85
961.4
813.65
486.59
1283.68
960.5
1365.14
1105.88
617.67
1398.92
1231.35
1194.99
914.36
1363.53
318.05
1517.46
1085.11
1570.85
927.67
1995.13
1825.41
979.94
1352.9
1013.78
955.78
1160.23
1996.82
581.82
436.41
896.56
1490.81
1290.26
1781.12
2002.86
1446.83
1754.45
1376.08
1527.64
907.02
1677.17
1358.87
821.16
1111.45
813.93
1166.23
1375.98
1446.47
830.22
1426.21
1102.34
899.24
1453.48
1345.21
1136.16
519.06
1688.89
1167.17
1257.0
915.35
1852.4
716.62
1069.11
765.18
386.41
435.48
894.59
844.16
523.38
1910.72
535.76
675.14
686.91
787.05
1850.22
1057.75
1939.68
1825.82
1025.72
774.75
1583.12
1423.82
1441.62
1668.04
1700.62
1300.99
653.44
1258.72
611.09
1180.25
1747.77
2017.45
824.7
355.03
765.34
1514.77
1253.06
1041.01
981.67
1368.07
1703.51
1653.72
2228.71
976.32
1717.77
675.17
792.56
1616.27
2211.11
1238.3
1788.62
1180.37
2017.63
1723.12
1560.16
1836.1
901.44
569.79
438.92
828.74
1408.55
2056.24
1624.82
922.04
1033.53
1020.48
1200.45
1585.43
1681.76
608.97
1600.0
989.72
739.32
2052.23
1215.69
964.63
1771.64
907.08
1161.09
1023.04
2054.79
885.85
1519.38
1346.95
960.1
2002.87
1846.64
1902.92
1829.61
1082.18
1247.1
799.22
2023.65
1622.11
1731.21
657.26
1201.18
987.16
516.65
808.37
1541.64
612.48
1218.22
1355.14
1589.56
2136.89
929.93
1603.53
1911.06
2095.24
1836.84
966.49
1361.8
1812.93
1099.22
1984.76
1562.07
620.39
1472.61
1972.33
1421.29
689.09
747.87
1987.88
1310.71
1617.71
2325.11
1266.24
2144.39
1538.9
1948.85
1251.86
1812.24
852.37
1432.25
1187.19
1130.7
940.17
979.43
1140.78
1812.27
1063.22
968.66
951.84
1955.77
893.22
1309.58
1779.97
1971.25
1847.53
1011.41
696.88
1078.73
460.38
854.25
1080.23
908.58
1476.6
1005.89
1227.33
1388.94
1015.08
747.05
2040.9
1319.87
1014.63
1444.23
694.14
1401.28
1067.46
1492.94
968.77
1445.44
677.68
2258.97
1107.61
1401.89
1612.97
1252.36
1077.29
2138.64
1880.44
1199.66
1122.8
1455.06
1668.5
683.86
1654.43
1603.93
1877.56
950.73
895.2
1600.32
863.3
1388.08
749.48
985.92
1192.74
1057.37
1710.92
963.17
1140.19
1308.6
1474.49
1492.14
1230.74
373.86
1194.31
1849.91
1815.32
892.7
1980.36
989.75
1140.12
1432.83
1388.07
1167.41
501.7
1065.8
1900.77
1663.34
1106.4
985.85
1850.3
1085.03
1559.86
1942.5
1586.88
1163.85
1059.97
1913.31
1555.99
1638.62
1730.52
1578.62
983.91
1054.63
1602.66
856.81
1919.65
1465.05
864.29
1394.88
2107.65
635.41
1579.51
939.67
1451.33
1546.35
1271.81
1330.35
825.53
1957.27
1593.89
1177.11
588.44
699.29
1084.37
819.22
1752.67
1678.53
919.47
1199.77
1203.97
879.7
1420.87
1067.2
1509.51
1830.72
1785.48
549.02
1338.45
1436.72
341.34
2185.74
962.94
1314.27
1680.1
1437.03
1841.21
881.35
697.32
1283.67
786.72
1808.39
1182.3
1686.83
507.74
1125.59
1017.09
1469.51
1517.0
968.54
1338.52
1810.61
1182.66
1472.22
1508.3
999.37
2187.24
2004.01
770.19
1810.58
671.3
1499.5
1659.64
1697.32
817.38
860.77
1303.24
1154.98
1840.56
1006.28
1498.17
1568.9
1840.9
2118.59
1874.6
1540.08
1320.04
1202.18
1326.37
1217.01
980.25
1166.79
530.29
461.97
1433.46
997.13
1996.98
1165.89
1816.45
462.62
1678.44
1560.46
1392.32
1851.79
589.52
988.17
1776.05
654.11
1196.86
1093.93
874.75
1712.06
782.08
1933.31
692.48
1328.76
875.05
1009.28
1121.98
1237.44
994.86
1492.94
1524.24
532.57
1119.67
758.02
1183.59
1423.76
374.59
1346.99
622.42
939.45
1262.7
1756.14
1758.93
1903.7
1669.28
1083.75
1842.72
1764.2
1122.54
856.77
702.38
1183.4
1128.72
1231.34
1296.96
1663.91
1124.27
696.41
1539.09
1230.56
1118.87
1339.44
1980.62
1196.65
1307.87
817.86
1263.97
689.49
1043.19
1540.42
730.35
1791.0
1750.69
1108.73
1177.74
1499.71
796.33
1833.85
853.17
1057.5
1589.8
814.16
1737.99
677.83
483.81
1254.41
908.93
1903.76
1190.52
1754.98
749.59
1543.99
1202.32
1189.19
769.24
1203.29
1846.43
959.73
1774.43
806.22
1701.72
2168.92
2173.88
1670.39
610.5
491.68
1137.89
1130.26
970.91
1107.87
1924.8
1405.16
832.39
1258.85
1534.6
925.65
1230.13
988.19
928.55
1181.43
873.92
800.44
1002.96
1351.28
836.23
622.47
1097.78
1238.26
1388.87
1370.82
844.68
1356.04
1784.01
755.97
1302.29
476.56
589.65
964.08
773.19
847.97
905.07
1835.57
1387.77
1407.67
890.51
1218.38
1184.42
1446.84
645.92
1023.1
2244.26
1853.23
1343.71
1289.63
654.29
1732.75
1157.75
1451.53
770.44
1829.04
1500.8
1028.04
1207.54
937.98
1027.87
1800.82
2098.04
2121.77
1060.79
1403.6
1553.65
1464.9
971.01
596.03
1390.62
800.54
1709.22
991.64
1128.8
1804.34
1417.78
934.9
1961.83
1383.59
1270.19
839.4
871.57
1935.67
1443.66
1540.93
1979.37
1254.27
910.25
2036.68
903.23
1035.78
1354.16
1069.11
1509.34
1684.17
1047.07
719.23
1548.46
882.01
1350.67
422.58
980.43
1076.93
926.43
1854.67
795.62
1146.98
1194.84
1471.3
1297.27
1953.18
1561.36
1150.26
1429.17
1703.31
890.12
1600.84
1692.8
1268.9
397.7
1431.06
994.58
849.61
1227.46
1713.82
1046.31
605.63
1573.05
819.14
1501.13
1776.47
798.4
2021.69
875.44
1901.85
890.58
1533.63
1204.9
2159.79
1066.26
1194.33
1881.49
1717.95
899.83
687.07
961.69
1938.6
1036.61
1925.24
775.04
438.53
1236.53
1093.81
658.03
1212.39
1872.56
618.45
1012.95
1685.26
1303.98
766.04
1426.54
1058.48
1035.15
1570.14
1254.9
898.96
1262.69
1147.13
1147.28
1349.95
1977.01
1295.41
719.8
972.1
984.28
1798.18
1591.51
1134.44
1037.92
662.34
1637.59
1118.79
841.17
897.51
1707.45
1873.2
1719.5
1247.08
1582.02
885.6
1445.11
2047.71
556.93
1890.87
1388.82
1662.17
652.53
639.12
944.93
1288.3
2070.75
1092.17
2143.2
1285.56
1035.92
1710.32
678.3
1189.28
2101.65
1588.33
747.17
688.83
790.97
906.32
922.44
853.42
1426.71
929.49
1444.56
688.73
821.01
423.5
1488.43
1065.1
1710.2
1192.97
2132.42
1763.0
345.13
1101.74
547.55
842.6
1322.72
1378.4
1206.74
1749.72
2037.3
1593.29
763.22
453.7
1312.59
1339.71
1381.77
1407.13
623.14
1292.54
368.13
525.76
1286.55
1585.86
671.91
355.18
738.5
1266.25
1404.26
838.52
1848.38
576.7
786.07
888.96
1230.44
1490.43
1812.54
1503.07
1230.47
1822.31
833.99
1922.74
858.47
1670.69
1065.15
1294.71
1523.67
986.65
1159.11
1212.45
939.02
1358.58
1516.91
1859.25
851.63
1189.85
742.31
1085.45
1093.96
1127.85
1059.33
1189.64
1562.31
2234.61
1396.87
2021.42
456.26
1216.64
1110.74
2225.7
1218.7
977.47
1019.6
764.7
1840.1
1930.28
1710.27
1125.27
1497.17
1170.75
2391.33
1564.91
549.25
993.67
1138.29
749.41
1256.4
917.5
1115.0
1508.82
1315.2
1668.05
1247.89
437.68
836.4
1593.43
825.93
1353.92
1150.82
1127.53
627.34
837.17
1160.97
1042.13
1579.29
1242.42
1321.02
1641.82
602.09
1654.17
864.49
1407.04
1039.2
716.06
1183.62
939.39
1925.53
2108.25
1883.74
1205.27
695.27
1355.3
1119.42
837.25
1101.74
1129.53
935.61
1418.11
1802.83
1671.33
1499.74
658.03
907.18
1079.73
608.02
1855.18
742.25
324.52
994.04
611.13
1198.46
1145.16
1063.79
817.61
949.67
1446.4
952.46
763.28
1425.22
1395.17
1083.97
1810.68
2031.47
1248.03
1638.93
449.08
887.97
1349.22
858.78
1123.08
792.19
648.78
2091.5
1267.4
921.81
773.16
1911.97
560.6
1761.22
1171.1
716.97
1252.73
1536.49
712.1
1200.6
515.35
1121.97
1389.86
1978.88
594.22
1918.15
733.62
1232.17
1251.94
1213.21
1905.47
1055.78
977.48
1346.49
1059.27
800.01
1085.48
1841.41
1823.81
1176.77
1524.9
2167.6
1586.48
847.42
943.9
1192.12
891.38
1336.65
1290.31
1364.58
1407.45
1381.04
1632.85
1581.98
1377.72
1908.98
1939.13
1761.45
778.7
492.71
951.09
1954.18
388.24
1586.82
1065.42
1091.53
1543.22
1518.76
1893.26
1255.27
1244.11
1393.76
1236.45
1381.19
1335.91
2270.8
561.71
858.13
1169.8
1435.96
1327.43
1442.48
1787.01
965.38
568.65
909.78
1201.87
1387.51
441.08
1586.59
836.17
703.93
1892.32
1162.36
975.44
860.59
1370.89
1141.36
2111.95
2021.52
1327.38
1474.08
1087.58
2064.16
1152.15
885.75
899.96
1039.85
1193.61
821.86
1748.44
1497.26
825.31
1912.29
1637.29
1593.51
1504.45
1062.0
2003.64
1206.72
2045.61
661.87
1149.05
757.3
1375.8
1299.6
1745.97
1607.54
1799.08
1458.77
823.7
1316.36
1438.02
1145.03
1702.3
1106.69
989.93
556.13
1703.06
1512.24
1063.52
707.44
1161.5
1048.86
496.89
542.79
1032.5
452.96
805.4
839.99
1096.08
510.87
631.97
585.59
1830.42
866.25
647.98
1596.35
1152.15
1406.34
1716.03
1133.85
1208.93
1020.46
1069.48
1075.98
745.1
1897.62
1630.7
1117.86
776.12
1187.9
1305.45
873.68
628.21
1046.34
1635.32
1359.31
811.2
1287.84
1106.34
1802.74
1938.99
1081.53
1191.98
1886.44
498.61
961.8
1099.21
1074.55
931.1
923.83
1763.43
1485.6
1717.0
1301.17
1144.55
1351.37
1381.36
2114.45
1575.45
1640.21
1315.88
687.72
1743.55
1095.09
1294.67
1399.6
936.07
1194.52
845.15
1166.59
736.3
1166.66
1889.55
477.34
551.2
1127.08
1367.66
1297.39
628.67
653.95
1604.65
1186.1
1521.64
952.25
2134.84
1875.84
1732.11
1324.58
1191.78
1115.49
752.09
1178.74
1343.92
693.84
1349.65
411.65
1580.26
1799.4
956.63
1513.65
986.35
1003.29
1774.01
606.01
1056.77
833.48
1515.08
1543.0
904.33
779.03
830.44
1449.9
179.64
733.12
1557.06
1459.76
920.37
1214.66
1660.07
678.18
734.56
1422.57
1720.96
1082.3
1590.29
2133.94
897.9
1493.88
1347.66
1355.57
1664.61
1025.69
1072.34
1817.9
806.08
1624.09
927.02
1486.36
1036.11
810.94
1323.08
1496.9
1325.64
825.05
882.85
1803.89
1218.5
1041.24
1095.88
1354.06
1271.9
1743.89
1708.91
589.85
247.75
845.55
1374.37
1769.83
1735.81
1558.3
1125.5
2040.48
2040.08
1762.34
756.77
1725.21
1485.02
1023.12
1435.97
2011.1
979.89
1839.57
780.55
1202.2
1094.42
942.16
1289.29
1058.29
1194.76
1088.53
1433.27
335.6
1880.13
882.4
1011.03
573.44
818.0
1945.53
1726.74
1909.41
1112.14
2058.19
852.64
871.16
1653.98
1406.13
1007.95
628.76
679.01
1533.92
1680.02
1258.78
320.74
1188.97
434.84
888.52
1967.05
1124.28
1314.38
707.87
1404.52
1493.51
1612.78
993.49
765.74
1888.65
1200.8
472.76
2087.28
1546.67
1811.1
2008.8
791.31
1014.13
635.56
1648.93
1866.95
923.74
1276.72
1946.09
587.29
837.73
829.16
1486.96
1025.9
1780.58
921.31
1311.59
1250.06
1379.35
2049.43
789.79
1829.43
813.07
1022.59
793.82
1594.52
1160.49
1792.12
1777.48
851.88
1479.05
1064.71
2056.77
1465.85
1048.56
1193.91
872.34
469.27
1068.8
985.62
1057.4
1137.07
1669.08
869.82
1401.49
1149.98
1331.25
970.52
1461.16
1693.8
1273.0
1923.2
1597.08
1830.35
924.2
1138.86
896.7
2041.45
1659.22
1055.33
980.07
1237.27
1421.35
1480.16
1357.21
1818.49
1008.7
946.89
1095.19
1872.19
821.82
1424.81
913.79
1823.33
1757.19
513.48
1541.88
2128.88
2132.44
1084.12
1192.26
740.63
948.19
1948.06
1292.23
1411.22
1082.97
795.12
1113.15
1676.5
695.09
1799.22
1192.72
496.78
1095.04
1168.39
1749.88
1385.54
1494.78
1941.37
618.84
1240.16
1527.85
1139.23
1083.95
1153.18
782.64
1205.53
1239.49
1506.86
1389.76
1220.18
703.72
689.9
1411.15
533.36
1204.48
745.09
945.37
1012.56
1059.49
1120.09
713.56
1900.54
818.99
2104.31
999.23
778.41
1595.12
1047.44
1540.04
2013.06
1114.56
2070.06
1785.22
1756.68
897.96
458.28
989.9
1229.95
1674.36
811.69
1721.38
1915.62
1088.38
1677.38
721.95
368.48
1023.6
896.55
180.54
600.63
1466.49
1593.66
1777.22
1989.37
1073.25
1633.65
1248.53
1068.15
1361.88
1201.91
940.76
848.13
1047.1
2007.54
1348.25
1841.16
786.04
1577.51
1494.76
1070.43
1098.84
794.12
2137.86
889.95
1611.27
2198.1
749.03
1827.64
185.99
2013.84
619.49
1841.65
1691.58
615.38
1890.09
1950.81
1332.8
1087.4
660.94
962.64
1569.75
1210.18
1037.88
2114.8
795.34
1649.01
1521.23
1201.82
263.22
2091.74
501.4
413.74
1385.53
1108.08
1808.31
1314.11
1128.98
1861.15
1003.89
1237.68
1241.61
1138.62
1048.98
1860.38
495.7
1486.68
946.7
1125.61
1617.26
1289.1
1597.88
798.81
926.9
1102.37
1914.94
848.02
727.54
878.29
1115.7
760.5
853.74
1574.73
1175.18
1699.29
885.8
1791.03
778.13
1890.36
1867.68
1189.93
891.93
1244.54
976.93
1786.96
1372.52
702.13
1676.3
877.64
1084.84
621.56
863.99
445.25
1721.98
2068.03
1541.07
1451.88
1174.22
620.17
1403.57
1881.76
1168.94
477.93
1329.68
1462.49
549.9
760.24
796.69
923.4
987.53
1644.61
1012.3
533.46
550.54
2099.23
965.68
1874.67
2104.17
684.95
962.93
2126.12
809.52
1005.46
1112.16
1597.14
1269.5
1757.22
954.24
1611.52
1692.38
1436.23
748.08
2012.93
1671.11
1344.83
1847.16
1215.37
1112.52
1804.19
1352.99
824.21
1098.52
1811.44
817.47
588.98
929.23
866.78
885.84
274.2
1207.65
1989.98
1580.13
1258.85
1419.22
1196.6
1635.05
1279.22
1022.06
871.75
680.46
1403.53
1726.49
1176.33
1496.86
592.84
1748.11
1692.51
1595.03
775.62
978.17
1665.02
2144.72
940.48
1042.69
1280.1
762.36
1082.29
2085.26
1498.46
1749.47
1520.86
1048.93
1736.38
1068.03
1605.15
1179.58
1589.96
968.42
1182.11
1319.84
1514.43
982.72
1318.96
1409.8
1225.47
972.75
882.15
1769.59
1890.66
1374.06
943.39
1227.65
973.11
963.3
1622.7
427.8
1872.3
662.11
1354.92
692.95
1470.53
566.13
324.14
339.13
1903.98
1239.45
704.96
1122.95
1986.84
1392.06
1139.88
1982.16
1311.27
1750.6
1293.51
899.79
1937.48
1247.26
655.4
1879.47
1429.59
1427.51
1592.0
2121.93
1535.54
1483.51
1839.33
907.91
1180.57
1334.26
1143.09
1074.97
860.54
2150.32
1581.36
992.92
1636.52
1286.5
1151.89
2089.52
1173.45
897.64
832.96
1097.39
1768.34
639.37
1353.3
688.16
2219.12
1705.66
1015.56
1687.32
1746.67
1769.63
1531.56
1050.06
1103.79
1730.16
562.95
2232.12
1957.31
2106.63
1214.33
1553.37
1075.6
1023.42
2014.73
194.77
1255.22
1190.31
637.14
2046.01
1410.19
1120.41
1182.34
1257.93
1466.84
935.73
1486.69
1544.37
1459.51
884.69
1293.71
977.55
1073.03
661.08
745.37
363.85
1509.78
633.33
935.02
874.88
1081.83
1654.86
1837.18
1236.09
1853.77
1018.5
763.85
1638.92
2058.32
452.11
619.89
1230.42
1446.63
1921.73
1439.01
1703.79
703.47
533.07
1867.8
622.81
1343.73
1040.53
2172.32
1263.86
1140.96
1170.48
1210.87
910.59
1508.3
2062.33
1135.82
1668.11
909.21
1180.01
1501.43
1060.97
2129.43
1445.9
1603.07
883.16
1991.22
760.65
826.08
1251.95
849.55
1537.18
1102.08
1309.15
1382.48
1853.52
1507.55
1459.37
1330.01
852.45
968.5
554.92
1541.92
1391.96
2127.79
1919.46
525.41
881.26
1471.03
2002.58
484.19
1898.39
766.83
1144.92
739.06
747.92
1944.81
1137.39
411.8
1790.32
1587.5
949.76
1044.4
663.76
1117.26
1647.11
2064.84
1585.83
1093.35
1223.67
1126.77
2082.49
1960.98
1435.47
1955.43
337.36
1251.64
1274.76
1953.58
574.05
705.37
1915.84
1711.35
1428.76
967.8
956.24
2053.56
1851.41
1272.62
1540.72
1220.83
852.98
1589.86
1113.49
1395.05
1151.12
631.62
795.21
1687.61
1795.84
1434.44
1864.95
1997.97
2128.6
1537.28
1414.09
857.87
982.68
970.98
776.46
919.2
1371.42
1751.45
805.03
1607.1
1159.99
1793.49
1616.88
1160.67
1259.53
306.7
475.2
704.85
840.68
1055.69
1794.53
1515.2
1907.32
1041.28
1239.63
1244.72
407.31
866.29
1791.89
1039.86
1182.81
662.75
703.83
1150.47
636.67
964.05
1195.01
652.7
1260.99
1272.44
1691.03
886.98
749.54
525.0
702.37
1582.84
1383.72
1807.04
1242.67
1772.36
1406.28
1269.65
2072.6
1068.04
1854.22
1180.2
1682.11
901.8
1185.28
1229.51
307.69
1866.51
2066.11
1280.31
985.27
1184.06
1131.03
647.19
1499.76
1092.34
1335.18
813.89
1226.57
1525.31
1770.6
447.48
1285.88
1880.47
605.49
1701.79
1645.55
1006.22
1026.54
1719.16
1539.79
927.38
1333.32
1114.58
531.71
819.88
1792.18
1134.63
842.08
2288.43
1309.01
973.84
1882.67
1616.31
803.72
768.62
1437.96
849.95
780.12
1332.88
755.48
358.19
1677.26
574.24
1079.43
832.03
1071.47
1660.1
1648.59
950.45
952.45
447.59
909.69
1303.08
1836.13
1122.38
1087.68
1751.21
1745.5
1107.16
1337.82
1272.81
1579.26
540.13
1955.84
1285.02
853.13
747.86
759.69
1977.55
1308.33
746.35
1856.71
1999.8
1273.35
1860.03
1535.43
974.17
1674.61
972.12
1685.41
1541.73
1610.66
1894.51
979.98
1330.12
991.15
1126.25
1240.15
1875.87
1276.77
969.67
1690.88
759.11
1352.95
1126.36
1266.36
1086.88
597.86
1139.89
854.53
2214.34
734.1
1287.96
1584.75
1412.91
1848.88
709.92
760.24
1210.33
1537.42
1281.32
854.92
1072.42
1000.23
829.7
1805.94
1048.9
582.91
820.2
616.73
1138.36
2164.68
1013.36
515.07
2038.44
1267.48
1650.72
2385.41
1799.95
1775.41
1096.83
1117.49
626.81
646.37
1508.13
1880.67
1210.37
1266.23
1965.0
1436.94
1845.12
1224.72
1184.15
671.22
1158.38
1506.86
1078.18
670.47
1630.32
1472.43
1001.21
2135.57
837.94
1985.52
1876.14
766.57
865.49
1350.74
1330.83
1616.15
1589.12
851.88
1999.4
1599.77
1919.18
1242.47
1087.73
1986.39
581.87
599.77
1137.69
902.3
1444.56
1238.69
2026.12
560.86
1204.91
1457.6
517.05
1664.51
1506.1
1211.97
577.77
1582.93
1134.6
953.14
1119.83
2144.97
1348.39
958.52
831.2
906.35
1133.3
1328.59
1312.12
438.91
771.58
910.25
1002.27
975.75
1537.82
1513.88
1977.22
1824.47
1868.76
1085.32
1213.4
942.47
1870.45
1458.42
1176.21
1986.37
2176.55
1544.23
1903.35
949.72
1725.2
1387.62
1284.94
891.47
1847.6
1616.58
1557.83
979.44
1496.42
2215.72
1108.49
1951.87
1474.74
2068.7
887.49
1581.88
615.46
762.84
1737.99
829.06
1102.19
1821.4
1782.99
1958.98
1501.27
1252.97
928.43
1325.49
2267.2
1691.62
1383.06
1849.74
1200.18
1136.5
1486.11
1214.71
916.3
1207.58
1084.74
1965.62
2107.13
1786.36
1014.22
848.12
2157.66
1194.01
1245.35
883.35
1611.4
522.07
1050.53
692.97
1267.56
1115.84
1334.54
803.13
1552.09
1831.94
1451.03
2231.97
1646.17
464.12
772.69
540.46
1123.42
1776.34
928.1
1917.77
1823.53
448.13
885.63
2081.64
2051.17
1416.3
1498.05
496.81
785.88
1099.74
1052.04
1380.85
1368.46
1139.69
1063.21
1135.26
1686.02
702.68
1143.12
1276.96
1979.43
1860.81
1831.78
952.2
1044.7
831.57
1493.79
740.34
958.18
928.07
1376.97
894.4
1675.09
1940.15
942.9
1768.93
705.79
1253.35
1399.63
918.75
1935.48
1282.82
1782.67
1199.16
1043.36
1186.08
1044.5
1552.26
1332.03
1792.04
1599.53
1003.89
872.28
1411.24
981.73
1677.43
624.52
562.02
1435.79
859.4
904.08
658.74
978.49
1022.57
696.81
682.92
439.73
696.87
2024.09
723.49
1774.42
1617.13
1601.68
1198.58
1632.33
1839.2
959.55
878.07
1858.06
1435.84
1662.37
716.75
1459.56
1569.31
711.54
813.36
898.97
1825.81
1294.67
1107.07
1165.98
1926.08
754.79
485.45
1163.82
1205.88
1091.26
763.99
949.0
911.64
916.83
747.65
945.53
364.02
1240.43
1184.39
1002.95
1829.79
939.69
1765.9
1271.47
1759.12
1847.85
1305.89
1088.49
1913.19
1351.26
1326.11
801.61
1264.62
851.46
1582.36
882.38
1220.47
1384.24
1033.14
1888.76
1157.04
1069.44
1622.44
1106.63
2287.25
1566.8
966.98
1866.34
1355.24
762.86
1725.22
1082.13
2081.55
513.47
354.49
872.74
586.65
1564.92
1460.24
915.15
1104.59
1418.14
967.95
1004.45
1095.27
1471.11
1590.38
2203.32
814.72
999.0
775.9
2073.11
1224.49
1285.76
822.31
1756.83
1212.84
621.33
2016.97
1376.48
827.75
1679.56
1485.53
1437.18
2253.86
1368.14
1228.9
1086.05
1150.15
1452.39
1251.06
1625.54
1150.71
1009.87
1322.12
1740.37
1933.61
1997.57
1964.07
723.28
916.01
1409.59
1169.16
744.3
831.96
548.04
1871.13
699.62
1112.47
2078.87
805.82
977.67
1784.69
1136.72
643.17
767.26
1771.73
1228.58
325.34
515.97
1958.45
1782.56
1476.4
1715.55
1084.25
666.2
1862.76
1362.94
1170.09
1874.99
1254.97
2058.2
604.12
1402.75
1093.61
1578.03
1266.46
965.62
1507.8
613.65
1742.49
1884.69
1277.01
1561.7
1415.05
1522.95
808.99
639.83
1114.24
1265.27
2032.54
1055.42
2009.03
1368.15
865.25
1359.26
1416.72
1043.4
716.96
1980.65
2058.16
1099.54
1046.29
1050.6
955.29
2236.23
639.05
1363.61
1354.66
1919.17
851.6
1865.22
803.55
1086.22
808.21
1288.68
1365.04
426.57
831.29
1815.66
743.81
2004.9
1284.69
1544.03
1570.88
885.48
1460.32
767.03
2059.22
1099.87
1491.03
1191.52
489.5
1956.6
1781.77
936.67
786.43
794.09
2038.56
1231.81
1262.4
1917.21
1038.89
1169.18
1843.31
1153.48
1165.44
1709.78
875.34
1669.33
1041.83
1092.15
1343.55
801.93
923.22
1631.94
369.23
1677.28
1574.74
980.5
1150.59
1233.21
2173.2
1733.63
1101.07
1652.35
390.95
605.94
1195.61
1453.02
1526.67
557.44
708.75
1022.66
1427.79
2002.46
1186.1
1882.67
1809.49
1208.62
1556.4
1931.93
1430.33
1019.39
1082.43
1064.09
2135.34
1176.26
1254.73
1354.72
1694.35
972.51
833.5
1454.07
1762.15
1056.74
1082.92
1497.69
1488.25
1308.97
955.04
745.36
1686.06
1808.82
1478.84
1306.53
2093.98
1447.1
2083.06
754.34
1321.57
812.7
1148.71
1439.43
1044.21
910.18
1127.9
741.98
1900.64
696.65
706.29
1691.12
695.08
1074.28
1287.83
670.15
1336.46
1485.17
1153.66
1381.22
1087.24
673.81
1149.1
561.9
2206.59
1373.83
895.65
1469.27
380.46
1247.4
830.2
1000.94
1362.61
1894.74
797.87
959.59
1229.94
1960.52
1589.85
1344.79
1604.67
942.34
2090.08
1626.54
1399.09
1565.36
1474.46
817.42
1263.63
862.75
1050.78
2213.76
1601.87
1815.34
1321.7
1423.41
891.11
1032.16
2027.53
1396.75
1524.15
499.27
801.5
1694.29
966.62
1606.74
1372.54
1782.23
263.9
1477.09
2346.36
1930.25
927.69
1380.41
1491.05
1912.6
1925.6
1903.18
1358.32
1469.05
737.02
1489.83
1035.1
930.95
1440.45
256.14
1627.07
796.7
905.06
1263.58
697.74
1681.9
1365.76
1762.45
2049.26
955.88
1860.31
1027.25
1737.34
792.96
683.34
1536.83
1834.27
1610.72
680.34
1875.57
1834.89
469.15
1091.82
882.56
1635.05
2048.58
1633.53
1995.6
1907.44
997.59
537.91
483.85
1139.07
2231.16
1553.75
1357.44
803.29
1616.46
855.15
2047.35
686.51
883.18
1776.19
1706.74
804.36
1682.85
1462.57
1061.02
1400.51
750.38
1115.32
854.31
2066.84
833.61
1141.16
2188.54
1198.89
632.24
1517.01
1229.32
1101.13
1503.05
2054.97
1116.29
496.98
1557.89
1534.49
1822.6
972.78
892.5
1197.91
1168.63
702.8
907.61
1924.34
1565.0
846.19
1110.75
979.26
1065.7
864.67
2046.98
1701.67
995.88
1552.69
1382.42
1966.72
1580.65
1811.54
1954.46
1288.21
1571.49
1388.63
1223.66
1200.66
1893.86
2108.84
1392.53
1594.22
1496.26
636.37
1449.0
822.67
1037.87
1707.51
1208.85
982.14
388.1
942.83
1428.86
1240.5
1392.52
1898.09
1448.07
1098.47
1631.7
546.58
974.3
1164.42
1230.06
1178.56
939.46
1636.07
1500.64
1282.55
667.22
930.84
782.48
798.8
1696.83
1325.33
1121.85
1222.93
1608.46
1303.8
835.63
682.8
1237.33
1074.98
1787.62
672.68
933.52
1519.79
679.0
1862.07
1027.33
1301.89
875.77
1882.82
1131.99
2117.18
1977.16
843.69
1868.21
891.87
650.43
1386.64
948.87
1404.57
2089.18
1058.39
858.97
1731.67
444.71
1946.66
1054.45
1423.54
1748.18
1161.43
1047.1
1850.72
781.6
1305.99
1582.41
708.48
1095.01
779.73
767.45
1511.92
1250.75
1293.19
1780.6
1311.59
1035.03
1801.83
1500.79
1074.12
1588.62
841.28
1176.19
690.79
1700.55
1819.34
817.4
748.47
933.69
1642.39
2143.18
1102.39
1894.49
1409.25
1168.01
1825.9
866.08
2038.65
1044.6
792.41
857.67
981.7
1480.86
634.88
1108.81
2045.88
1431.09
1186.84
1205.23
1939.58
1500.24
1316.67
1062.36
833.49
987.56
1089.23
741.95
1952.76
1384.21
920.08
780.98
699.44
1959.84
1324.85
898.48
978.81
2195.03
2224.39
899.15
1428.65
1475.91
778.08
483.5
1498.1
853.15
648.72
1170.11
865.02
1777.08
1671.33
805.21
1909.71
1548.1
725.83
957.2
961.72
991.69
1107.78
1508.01
865.48
849.02
713.72
1289.41
1968.52
2024.71
1150.29
2045.5
681.81
1629.34
1442.54
827.02
659.14
1553.93
522.44
1686.28
1458.04
1821.74
1232.73
732.88
1093.02
1662.29
1024.38
1041.97
865.23
912.05
983.33
1115.97
1102.5
1347.2
1303.18
878.41
1310.67
2019.49
1316.22
1685.51
362.96
392.42
1513.1
1549.56
956.58
1783.66
997.28
1344.47
720.01
1475.03
728.51
2188.36
875.63
1407.93
858.59
669.38
1979.74
625.0
617.88
1181.55
1164.78
1233.62
595.73
1791.55
836.18
590.47
1843.72
2034.62
1132.53
1433.64
1194.78
2080.66
958.58
1703.27
1119.01
795.19
1051.47
1154.08
1048.01
1013.93
1132.38
1020.53
657.93
695.7
986.29
1327.72
1554.66
1905.67
1533.68
825.05
1363.15
1054.34
1015.3
1100.82
700.54
850.23
1508.27
910.12
1304.47
1732.37
450.19
985.05
1822.13
852.71
1588.7
915.19
900.88
1875.35
1296.51
1443.57
1619.0
1611.87
785.26
261.06
2022.72
1412.19
1523.94
1080.07
1434.88
1236.32
2063.86
1123.16
2016.81
1068.64
1533.97
814.82
1966.72
1144.86
814.43
1696.61
2043.98
1206.43
1242.91
1919.99
1813.49
465.87
1159.12
708.39
782.33
831.77
1532.43
1993.4
1202.69
285.0
1460.92
742.42
1726.36
1493.2
1156.99
1002.78
1579.66
1337.28
991.65
1998.62
1438.32
1204.15
568.08
1433.02
1084.2
959.0
766.9
1097.05
1100.42
1933.16
880.59
1451.38
1274.88
2155.99
1415.3
1233.8
1980.52
841.36
1963.9
1398.81
1209.97
1438.3
1350.31
1290.26
735.73
1599.43
816.23
531.0
2054.82
1243.52
1970.67
976.39
1090.84
923.65
1996.95
1078.51
2121.55
1090.02
1540.18
1646.29
677.22
1039.03
756.63
1027.99
1177.98
1178.47
431.0
1718.1
1675.31
1460.1
1173.93
1032.53
1472.17
2021.48
1320.15
542.83
555.98
898.39
1082.08
887.76
1027.01
1284.38
869.22
235.19
1566.88
1741.21
1052.32
1406.29
922.83
1662.42
1336.96
1310.72
793.04
2220.42
1160.77
1719.63
1175.25
1054.29
1823.16
1125.77
1438.45
2088.17
560.17
618.2
224.74
1514.56
870.3
760.61
1915.74
1381.09
954.99
1107.04
954.17
1863.41
1849.36
325.38
1807.92
1085.35
2205.8
613.41
1732.69
1560.5
1876.41
1508.78
1531.8
700.76
1039.45
742.65
1616.92
1548.22
973.58
1072.72
1259.24
1189.76
1772.83
352.36
1196.18
1188.87
1308.07
1021.65
718.34
1014.34
1217.63
1247.93
1315.77
1061.44
1445.63
1105.29
880.37
1576.84
1000.04
1266.0
919.18
874.27
1306.1
1745.8
1080.08
990.91
329.1
1708.23
1027.15
734.2
1281.48
1048.83
1714.34
1485.99
906.7
1546.14
1014.93
1870.44
677.09
1206.57
707.62
743.5
1287.56
1347.47
1342.49
2127.69
1059.58
640.57
758.01
1591.17
490.69
1383.34
1150.86
1161.4
2048.26
2172.95
574.59
762.54
897.2
1644.73
1618.28
895.79
715.9
694.64
1766.4
1329.8
1392.89
1358.45
1044.21
2151.91
1451.19
1092.23
957.23
1521.31
1104.24
1326.45
606.35
1050.53
1337.79
674.55
1450.49
1257.91
803.31
1080.45
957.25
984.46
1039.15
1502.13
2061.61
1722.2
590.38
1878.2
1171.68
1376.73
1125.59
1487.91
1284.78
802.51
1651.51
1003.47
1525.65
697.82
1029.78
1650.2
1731.18
1553.21
1455.56
1957.9
1659.41
1497.35
1629.5
1282.0
1000.79
1645.41
1172.26
1295.09
914.68
1495.52
1213.49
866.22
966.19
1450.03
748.1
1584.03
1720.4
2026.2
1318.9
982.54
921.48
2210.64
327.61
788.15
775.43
1642.65
1352.4
1087.53
1340.96
863.37
686.25
718.51
1526.27
2248.1
1359.05
2020.46
1349.99
1612.28
1701.1
1681.62
1002.8
1719.03
312.04
993.52
1302.69
841.14
964.18
1768.51
1192.1
937.54
1065.24
1661.25
1051.13
1376.51
1646.47
861.19
1097.09
1970.72
1700.43
686.88
594.76
1132.77
649.8
1275.91
436.97
917.47
1270.77
1740.42
930.1
928.87
554.16
1770.32
1047.63
686.61
955.57
1825.18
1199.73
1689.11
1782.16
1223.98
932.78
658.74
1450.72
992.96
817.78
1530.05
2267.64
702.94
2240.77
1186.39
1354.49
1110.09
1054.96
1107.43
630.26
978.52
1555.76
899.49
853.91
2119.24
1296.59
767.71
1293.22
1474.42
2067.4
1363.12
858.91
985.19
1457.32
1193.5
1041.56
1382.28
470.44
667.82
1889.38
1515.04
872.85
861.9
1227.95
934.17
1531.6
1420.99
877.2
1358.86
1425.89
1144.9
1029.81
1584.99
1132.96
766.82
1562.23
2031.78
1771.2
1489.23
1652.99
1056.42
1882.51
1224.95
1448.99
1165.12
988.58
1914.82
1293.38
1101.03
1567.04
808.17
1320.09
1058.78
1151.91
992.67
1991.31
1445.13
996.72
1281.1
844.75
1217.22
867.2
783.19
1159.88
845.98
1086.2
964.62
974.58
924.75
446.0
889.62
1137.4
1121.81
1422.49
1178.74
1320.1
783.91
1610.22
634.72
1177.37
832.38
825.37
1686.23
1582.69
1742.45
778.06
1761.26
725.67
890.83
2022.58
1225.13
1061.18
1285.97
1078.03
781.66
1971.22
1464.97
776.24
1556.98
2256.18
1789.0
1121.19
1429.34
875.38
1502.69
750.28
897.24
920.87
932.9
752.03
2002.39
1493.05
795.98
1057.12
1535.65
893.32
1503.39
1942.18
1005.96
663.15
1420.87
1284.82
770.45
655.93
582.48
1598.09
1727.76
1259.54
1747.06
632.49
1725.4
1081.62
1089.49
1504.36
2134.75
1456.66
1404.26
1446.41
933.95
837.18
1075.45
1137.41
1480.45
1774.58
1015.57
1562.63
1828.5
1604.16
2066.38
1550.42
1100.95
848.96
2007.32
1996.69
976.33
1033.52
694.76
1923.77
1111.27
1523.63
1961.04
1161.66
1166.32
827.87
1346.5
1305.92
909.46
711.62
1534.85
848.99
1645.63
1079.87
1263.29
842.14
662.79
958.33
1339.7
1412.4
1081.78
1189.57
1156.43
1526.36
1438.62
1292.39
1086.63
1900.22
1095.24
2055.14
1578.03
1374.12
580.41
648.7
2066.94
1090.78
922.5
1470.51
1230.47
1255.32
1661.24
1301.91
1537.33
1596.38
1518.52
2052.78
1657.13
1467.2
1189.6
972.52
1123.93
958.91
1003.17
1031.23
851.54
728.33
1248.43
1264.72
928.95
1596.59
1963.54
317.11
672.6
1672.87
1049.66
1063.44
1148.31
1481.66
744.58
925.04
1834.73
923.67
1066.51
1739.88
895.75
1769.04
1204.77
1663.44
1183.89
920.72
1285.38
2024.22
1823.25
1079.9
687.87
624.69
1617.42
826.7
911.95
1682.31
919.84
1547.92
1340.23
1123.43
2037.69
1602.77
1167.94
1040.0
1603.43
1066.43
865.28
650.68
751.8
1702.44
1562.79
533.19
1460.7
1140.6
1620.72
1000.11
2054.8
2042.86
1679.28
927.52
2135.06
957.15
515.25
524.06
1171.12
922.52
708.18
1035.09
1272.81
1788.61
1320.36
1759.92
1089.05
1084.49
1242.64
1126.85
1660.58
2013.33
941.61
1070.36
1483.63
1391.45
1183.09
1366.89
1238.02
1743.15
1264.72
1265.3
1329.09
477.01
1028.24
1657.5
1330.97
1035.03
540.79
1257.14
1464.64
1127.74
620.79
1079.18
993.76
1867.29
1137.5
1737.66
826.1
1469.48
2009.29
1764.01
996.71
1850.6
1201.3
1346.38
457.68
642.54
2121.8
973.48
1399.18
1085.4
1549.81
385.3
1542.95
1080.77
1010.44
2138.83
1910.48
297.21
1510.61
422.07
1441.49
1026.38
1829.16
746.05
1970.49
1743.17
509.87
168.01
968.16
1149.48
1269.97
1347.3
838.34
1116.24
1011.09
1321.3
971.25
993.88
787.73
731.64
1553.2
1559.11
792.92
1128.27
992.26
1243.64
625.99
975.39
1470.34
1319.36
1199.69
1241.93
1066.28
1137.09
666.81
1228.04
1146.88
1732.6
1520.93
1518.72
1242.37
845.26
1956.04
728.89
1313.56
1283.13
1407.64
709.27
1007.22
982.71
877.8
1220.58
1201.34
1861.5
2059.1
1783.72
929.45
1743.53
628.2
1207.7
2033.04
1470.69
1148.11
879.3
1071.69
1363.26
1484.59
1153.91
1657.63
1819.1
813.21
1415.74
1574.46
1929.09
727.63
1059.3
968.62
1070.21
2092.73
995.33
1982.81
1208.18
605.3
716.7
1135.18
1069.59
1591.4
862.64
527.96
1203.45
1125.33
1575.24
1795.09
981.92
1440.28
892.91
694.63
1467.69
1212.42
837.62
1017.09
1884.3
904.19
1110.07
1261.63
772.11
1036.44
948.11
1239.05
1248.32
1205.37
430.82
924.82
1591.2
724.95
573.34
789.67
1461.74
823.43
994.85
1628.72
830.02
1176.82
1241.91
1082.18
1021.25
1088.05
1139.97
1477.33
1600.79
881.84
2181.26
1259.87
1468.62
2160.03
1070.26
1599.72
1331.68
1674.07
1004.37
962.34
1034.56
861.7
1878.68
1897.44
1850.22
1750.01
1626.87
1305.99
1740.38
1120.42
1369.4
804.95
952.58
1569.68
2204.57
1697.94
1811.45
759.54
659.91
1079.84
1394.84
1585.64
1935.53
628.01
1280.87
560.46
1142.7
1678.08
1120.12
1566.71
1166.41
870.17
1173.22
832.84
1410.89
860.17
1062.63
2081.89
1160.53
631.46
763.03
1377.43
592.35
1440.71
1029.82
996.95
1300.99
697.18
549.85
2059.07
1116.53
1220.24
1868.98
1660.55
1630.68
1830.03
1037.33
633.2
973.52
1208.9
1375.03
690.65
1692.19
1742.08
760.71
453.44
1117.44
911.19
1332.42
1302.62
1629.05
904.29
711.66
769.48
576.82
1832.22
1197.04
447.95
1785.53
1475.94
1745.13
947.02
703.41
670.54
1272.48
1526.83
2006.78
422.79
1812.03
1599.64
1868.7
1356.93
1372.43
1267.52
679.69
1722.91
1614.01
1134.87
1307.87
488.24
849.53
1245.33
356.8
2002.96
1175.69
1032.66
1132.14
1141.58
940.84
1019.56
2230.45
1502.54
662.86
1295.24
1032.7
1458.26
1034.42
1289.01
1143.66
1338.39
1078.39
1944.75
1087.53
1212.52
1478.99
1994.0
1145.65
1395.06
1445.62
1122.17
622.0
1459.08
526.24
1005.68
815.7
1267.87
1160.84
904.08
912.26
862.3
1269.9
2095.63
901.24
1873.12
1262.2
1252.38
1054.86
1069.18
2133.84
1340.61
985.2
819.65
1189.28
859.34
1707.69
1234.75
1993.78
1543.9
1759.76
760.17
970.94
1437.22
1730.58
969.36
1330.36
1236.42
779.83
1700.89
1581.23
1762.88
1383.58
1536.7
1211.76
1829.17
492.02
715.4
968.88
952.98
901.75
1776.47
1238.59
784.27
1152.96
1511.54
908.44
138.4
840.22
1346.27
1861.37
2040.49
1935.22
1196.04
1599.21
505.56
1231.19
989.67
1325.62
1501.46
908.12
946.98
1231.4
1302.62
754.46
782.05
1783.17
1504.17
1182.98
1835.65
1444.14
2060.19
1855.59
930.8
1900.79
1109.87
755.48
398.26
912.11
625.83
1953.27
1578.15
1601.65
893.99
1358.83
627.76
618.01
859.91
1660.22
1619.73
1413.43
1992.73
1517.76
902.56
1472.26
1107.31
1254.16
843.77
1560.8
790.43
1177.44
730.52
1318.22
1688.2
1036.31
1403.87
764.7
1727.03
961.46
817.35
1460.14
1182.41
1202.21
1328.39
1319.87
1025.39
1164.14
2203.3
1769.54
916.07
1754.66
786.37
1663.1
785.74
1657.13
1572.73
570.73
1175.2
948.4
358.45
799.46
1313.79
795.32
1606.65
903.36
1144.26
1646.62
1822.49
714.63
1682.22
511.61
1586.28
862.07
1198.28
2059.19
1640.37
1506.73
1000.05
1172.14
1934.3
1247.39
1840.05
1288.53
1336.33
816.9
1768.57
402.27
739.06
949.69
953.7
1953.55
723.93
1208.62
2037.07
1322.03
1342.22
552.11
873.92
1076.99
850.55
654.12
814.13
1029.75
1436.53
2180.51
1377.41
1897.75
944.58
1251.9
1611.11
1677.4
1487.18
1841.61
743.94
1147.1
776.79
1001.37
2393.69
1472.75
1627.39
1126.96
1450.76
886.19
869.35
975.01
1698.03
981.72
1358.44
1156.68
1624.46
2059.07
1165.56
206.6
1499.92
1638.11
1274.69
782.27
1452.61
843.44
1204.66
888.04
2098.48
1372.57
1237.54
1435.41
2093.23
1531.32
654.43
1572.66
1560.67
1070.9
235.1
1165.0
1231.29
1125.44
1324.63
2080.64
874.25
519.18
672.82
1827.44
747.12
